23588
40930
50468
55305
55490
62171
62398
65072
65163
65229
65267
70472
71107
75786
77143
90281
94330
137079
142767
142873
142947
143046
156591
156672
156732
156771
156951
158796
162082
165877
165987
168078
169913
171410
176989
180687
186721
186815
186867
186980
187974
188016
188146
188211
188259
191256
191444
191544
198291
199773
199796
205021
205102
205189
206112
206189
221856
222998
223319
223651
224330
229826
230894
242109
248802
248938
249030
249079
249708
249752
251186
251466
252560
252559
253058
253255
257299
257474
258108
258821
259507
261691
262631
262737
264881
264952
278271
278393
280359
280932
281395
283398
288259
288319
288848
288872
289320
291963
295038
296845